  1.    -6.167449    10.204444    -0.590510
  1.    -4.335771     9.509980    -0.187182
  1.    -4.754525     7.824141    -1.178438
  1.    -3.393477     6.304888     1.196577
  1.    -5.058332     7.310347     0.730414
  1.    -2.499744     5.611187    -0.899719
  1.    -1.469617     6.341552     0.651218
  1.    -3.773031     4.412446     0.070725
  1.    -3.889795     3.446957    -1.676901
  1.    -5.451923     2.478027    -2.464895
  1.    -0.268409     7.487480     1.766542
  1.     0.108042     5.744307     2.671878
  1.    -0.586225     5.049483     5.180040
  1.    -0.311631     6.825101     4.301528
  1.    -1.649822     3.486247     4.528077
  1.    -6.123032     4.628963    -4.108942
  1.    -8.368546     5.870422    -1.533359
  1.    -8.954442     7.732506    -1.968528
  1.    -9.702157     8.436022    -3.684916
  1.    -8.661398     4.668418    -3.104799
  1.    -7.915740     4.933996    -4.941497
  1.    -9.948352    10.187526    -2.751307
  1.   -10.682108    10.600611    -4.565410
  1.    -7.183063    10.036004    -2.305200
  1.    -8.326244    10.561919    -3.859726
  1.    -7.444001     9.807417     0.897035
  1.    -6.498703    11.406711     1.637758
  1.    -8.395380    12.041164     1.628630
  1.    -7.789170    13.118661     3.200735
  1.    -7.511819    12.522376     5.089522
  1.    -8.726561    14.102572     4.924032
  1.    -5.970457    16.382807     2.176684
  1.    -8.527302    16.674498     0.999691
  1.    -7.466717    15.137948     1.716752
  1.    -8.191607    18.270077     2.590333
  1.    -8.245963    18.618181     0.621610
  1.   -10.108951    18.122667     1.154286
  1.    -9.969438    19.716360    -0.045997
  1.   -11.309078    20.410387    -1.358891
  1.   -11.367383    21.538427     0.291600
  1.    -8.655289    14.725396     0.162049
  1.    -7.591844    13.033134     0.089042
  1.    -3.193740     3.843538    -3.509449
  1.    -1.703163     2.708368    -2.809758
  1.    -1.774816     0.065567    -0.960703
  1.    -2.029504    -1.184404     0.579657
  1.     1.083655    -0.131254    -0.642050
  1.    -0.229891    -0.472960    -2.111007
  1.    -0.216606     3.712566    -1.400105
  1.    -1.075252     1.935729    -1.075181
  1.    -9.075190    15.241418     7.768681
  1.    -9.508030    16.109262     6.019539
  1.   -11.372734    16.459175     6.652342
  1.   -10.978994    19.324499     7.176432
  1.   -11.421654    19.183405     9.121718
  1.   -11.618793    18.181166     5.665324
  1.   -13.063761    19.485273     5.205578
  1.   -10.408153    14.323620     5.983930
  1.   -11.971199    13.120540     5.653053
  1.     0.996454     2.066635     6.660042
  1.     0.897807     3.904848     5.878221
  1.    -0.853179     1.807779     7.888888
  1.     0.197287     0.291057     7.116830
  1.    -2.375267     0.845749     8.759375
  1.    -1.478472    -1.784335    -2.960343
  1.     3.548456    -4.212623    -0.247710
  1.     3.489437    -2.803108    -1.665381
  1.     5.700892    -0.870394    -0.881675
  1.     5.431933    -2.828113    -1.189894
  1.     4.352359     0.603741    -0.973273
  1.    -3.306597    -6.868347     5.426630
  1.    -1.675558    -7.712620     4.634847
  1.    -4.705509    -4.654289     4.713540
  1.    -4.620278    -5.718695     7.642017
  1.    -4.216951    -3.884669     8.330257
  1.    -5.176632    -6.265687     5.800478
  1.    -4.300562    -2.707437     4.499552
  1.    -1.795268    -6.547684     3.013552
  1.     0.020279    -5.962307     3.614482
  1.    -0.987092    -9.009794     2.282718
  1.    -2.261273    -9.417845     3.769311
  1.    -3.865352    -4.632225     0.396577
  1.    -2.946385    -4.489435    -1.374048
  1.    -3.262106    -5.597754     2.040916
  1.    -4.798301    -3.864589    -1.798275
  1.    -2.855504    -5.662738    -2.991176
  1.     0.147785    -2.350706    -1.535303
  1.    -1.711591    -2.941128    -1.094713
  1.     1.688375    -3.611977    -1.346149
  1.     2.428666    -4.131878    -3.129872
  1.     0.939637    -5.437869    -3.407677
  1.     0.655471    -7.361067    -2.938040
  1.     2.275440    -7.316265    -1.765997
  1.    10.825333   -14.609563     2.876083
  1.    11.268479   -17.269997     3.732565
  1.    12.012404   -16.106934     2.285547
  1.    13.045669   -18.122532     3.393784
  1.     9.015708   -13.757960     2.882108
  1.     9.243354   -15.477237     3.878236
  1.    11.638680   -12.888160     2.263513
  1.    11.069823   -11.278010     3.304579
  1.     8.121471   -11.376172     2.431310
  1.     7.155183   -13.125482     2.510068
  1.     5.812953   -12.329970     3.761295
  1.     6.119802   -10.593169    -0.661900
  1.     8.871906   -11.222079    -0.466331
  1.     7.251895   -11.599462     0.644140
  1.    10.890258   -18.799595     2.500787
  1.     9.303413   -19.361269     1.420763
  1.     7.364925   -19.247547     1.899642
  1.     7.264203   -20.301340     3.596514
  1.     8.461443   -20.885515     5.088277
  1.     7.664177    -9.480151    -1.275163
  1.     5.022789    -4.592959   -14.101659
  1.     5.258745    -4.473023   -11.284247
  1.     6.203174    -3.609483   -12.821242
  1.     7.045959    -3.083826    -7.897909
  1.     3.994700    -4.567630    -9.070619
  1.     5.205423    -5.922178    -9.906890
  1.     4.039208    -3.834344    -7.210428
  1.     3.754789    -7.289706    -9.747123
  1.     5.154599    -2.526771    -8.233249
  1.     7.186711    -4.733432    -6.775862
  1.     9.171520    -4.707921    -6.531150
  1.     4.122752    -4.379626    -4.163652
  1.     2.882597    -3.711572    -5.583413
  1.     9.714168    -9.844573    -7.351068
  1.     9.120426   -10.197639    -5.474152
  1.     9.999340    -6.940654    -7.134288
  1.    10.997612    -8.449036    -7.987657
  1.     8.084625    -6.416351    -7.377138
  1.     8.632981    -6.123965    -1.638133
  1.     8.497889    -6.750466    -3.532664
  1.     9.689721    -6.315020    -5.078600
  1.     9.981006    -7.486221    -1.066213
  1.     9.695080    -8.282298    -5.438861
  1.     6.667154    -6.289752    -1.309440
  1.     5.994956    -7.871223     1.263491
  1.     5.673570    -8.646694    -0.551821
  1.     5.719267    -7.726983    -2.327219
  1.    10.761445    -5.646785    -0.980211
  1.    11.628551    -6.414648     0.650283
  1.    11.072820    -6.539044     3.572276
  1.    12.650558    -6.303878     2.365866
  1.     9.246753    -7.217922     3.119948
  1.    12.516814    -4.358788     2.811665
  1.     9.442138    -7.265277     5.109818
  1.   -12.076677    12.018448    -4.353481
  1.   -14.011069    12.523460    -4.409051
  1.   -15.027433    13.708450    -3.158928
