  1.    12.989199     7.414052    16.751781
  1.    13.180832     8.981811    15.524830
  1.    12.542309     9.175781    13.639446
  1.     9.173283     7.797680    14.181982
  1.    11.024561     8.377379    14.668522
  1.    11.077454     6.876670    16.989361
  1.    10.428558     6.921761    18.880630
  1.    14.188271    10.253057    13.278486
  1.     8.132799     8.605089    18.250593
  1.     7.813350     7.895068    16.408361
  1.     6.600454     6.360315    15.991934
  1.     6.603904     5.727738    17.889257
  1.     5.251535     5.713466    11.673031
  1.     4.917037     7.082894    13.091753
  1.     2.954481     6.711239    12.990545
  1.     3.768594     9.034485    14.517626
  1.     2.275358     8.571491    13.270277
  1.     6.887434     7.208219    12.772648
  1.     7.768692     6.386220    14.368801
  1.     9.019075     8.690277    11.766958
  1.     9.391916     9.181847     7.334488
  1.     8.867973     8.054645     9.876682
  1.     7.763832     8.488575     8.266535
  1.    10.775536     7.454117     9.852713
  1.     7.109851     6.240110     6.207402
  1.     8.505054     6.589748     4.745245
  1.     8.591982     7.551444     6.496699
  1.    11.585003     6.736340     3.833174
  1.    10.330664     7.156806     5.333121
  1.     7.232049     8.118473    11.025455
  1.     7.827888     4.837287     4.059439
  1.     6.925354     3.342335     5.034400
  1.     5.051803     2.863120     4.524333
  1.     5.535686     0.288763     5.180636
  1.     6.850458     1.031069     3.869009
  1.     3.550165     0.524644     5.226075
  1.     4.907535     4.368746     3.046950
  1.     6.032432     2.735814     2.785895
  1.     7.988483     2.500352     3.130019
  1.    14.065094     8.392538     0.681855
  1.    11.714165     9.705647     1.551756
  1.    12.461269     7.861283     1.752144
  1.    10.678478     7.013153     2.072043
  1.    11.825441    11.642315     2.038517
  1.   -13.789982     1.734779    18.788061
  1.   -12.879694     3.220953    21.017529
  1.   -14.550213     2.214341    20.574697
  1.   -10.948429     2.238433    16.941555
  1.   -11.673485     0.506493    17.630527
  1.   -13.582329    -0.035440    17.880754
  1.    -9.550381     1.791907    18.300259
  1.    -8.233894    -2.633346    15.554190
  1.    -8.287157    -4.341463    16.593176
  1.    -8.317953    -0.333309    18.314520
  1.    -6.535072    -1.127624    18.750868
  1.    -9.405703    -3.410488    17.965084
  1.    -7.592807    -2.814692    18.563770
  1.    -7.288089     0.819670    20.758696
  1.    -9.076235     0.657448    19.877661
  1.    -4.668241     1.969092    21.864576
  1.    -7.085597     2.806698    20.655169
  1.    -5.879650     3.547369    22.068357
  1.    -6.489248     5.433649    21.803139
  1.    -0.761038     1.459678    19.462336
  1.     0.043657    -0.204014    18.697748
  1.    -3.427539     0.346656    18.292334
  1.    -2.536953     0.742813    20.038736
  1.    -3.525659     1.935694    17.081827
  1.    -0.819689    -3.061539    17.971035
  1.     0.376224    -1.602426    17.307121
  1.     0.551224    -0.880906    15.450029
  1.     2.211334     6.341179    17.878391
  1.     3.690706     4.997995    17.963961
  1.     4.318199     7.622025    19.890839
  1.     3.227336     7.874135    21.548084
  1.     5.037326     5.923770    19.117022
  1.     0.317720     5.569516    21.396488
  1.    -1.200575     4.802888    20.344318
  1.     0.395626     5.987597    23.350752
  1.     0.358568     4.469579    19.136850
  1.     2.347076     4.304296    19.272943
  1.    -3.519064     3.419063    21.104988
  1.    -1.680224     2.871203    20.540621
  1.     1.915539     0.370720    28.993824
  1.     1.876533    -1.535229    28.388977
  1.     2.190784     2.021615    27.898933
  1.     2.712091     4.833369    27.252447
  1.     2.817913     3.656179    28.865837
  1.     4.208934     2.822553    27.695309
  1.     5.262619     2.312267    29.316841
  1.    -0.180702     5.219167    26.635813
  1.     0.241329     4.598992    24.781824
  1.     1.034603     5.332996    28.220135
  1.    -1.961321     4.404474    27.042849
  1.    -2.249039     5.420948    25.344614
  1.     9.105797     6.483505    25.534925
  1.     7.595638     7.639184    26.154459
  1.    10.575768     6.931621    24.254929
  1.     5.911989     7.986765    25.132437
  1.     6.798095     7.232258    23.505926
  1.     5.101089     5.033581    26.661621
  1.     4.164365     5.751163    28.276436
  1.     5.654472     6.007527    25.004757
  1.     7.375978     3.070719    28.288158
  1.     7.413761     1.413446    29.407093
  1.     6.787944     5.083451    27.734947
  1.     7.435510     4.607746    29.566441
  1.     8.745743     2.770197    32.364738
  1.     8.810186     4.190199    30.957813
  1.   -11.343601    11.431009    22.473614
  1.   -12.811737    12.716380    22.912245
  1.   -11.458540     9.695664    21.486008
  1.   -10.456001    14.008144    20.031422
  1.    -8.865408    14.756198    20.985590
  1.    -9.554726    12.293432    22.710587
  1.    -8.691296    14.090947    22.863653
  1.   -15.879189     6.907892    20.843742
  1.   -15.345770     8.101101    22.357584
  1.   -15.656712     8.133204    24.333004
  1.   -14.371759     6.642412    23.977428
  1.   -13.826038     8.929447    24.212048
  1.   -12.809772    11.550389    24.537195
  1.   -14.622280    10.711988    24.646271
  1.   -15.434128    11.725895    26.167091
  1.   -15.685368    10.241098    27.483242
  1.   -14.326696     9.391878    28.680252
  1.   -15.352718     4.377822    21.163725
  1.   -13.549934     4.914793    21.843168
  1.   -13.997225     6.836637    21.516905
  1.   -11.660244    12.790422    18.998489
  1.   -15.799187    10.746028    29.415104
  1.   -45.414963     0.131751    13.050184
  1.   -46.495560     1.069086    11.652420
  1.   -40.323303     5.275464     9.653927
  1.   -41.510483     4.087355    10.739744
  1.   -41.593971     3.887880    12.728016
  1.   -38.859268     4.629391     7.989046
  1.   -40.562302     4.490171     6.949667
  1.   -38.568954     4.361795     9.949680
  1.   -43.780937     0.986914    12.276466
  1.   -43.715019     1.798537    10.449741
  1.   -41.574875    -0.805440     9.905231
  1.   -41.847977     1.164759    10.114368
  1.   -42.952316    -2.241162     9.701862
  1.   -42.780807     2.383462    13.300861
  1.   -44.180794     6.276690    18.400434
  1.   -42.285057     5.643444    18.328341
  1.   -40.826050     6.075192    17.030313
  1.   -41.120697     5.444877    15.155247
  1.   -40.063919     5.066700    18.580189
  1.   -40.018730     4.414766    13.842026
  1.   -39.969055     7.244050    13.818422
  1.   -39.112610     5.823154    14.935373
  1.   -47.040596     1.884956     9.909639
  1.   -49.034264     2.043921     9.914612
  1.   -31.868382    -0.996381    26.164743
  1.   -31.869560     0.153931    24.528658
  1.   -31.486658    -2.954004    26.313078
  1.   -32.449318    -2.582809    28.026405
  1.   -29.972878     1.164041    27.386841
  1.   -29.878172     3.170687    23.520454
  1.   -31.312279     1.776783    23.501141
  1.   -28.919662     0.613691    25.778162
  1.   -29.621134     2.440393    25.364529
  1.   -31.545410     4.168572    23.046602
  1.   -33.398994     4.305784    23.785112
  1.   -29.913042     5.196670    23.574224
  1.   -34.360619    17.193333    21.295294
  1.   -35.090927    17.182482    19.433432
  1.   -35.447205    18.735050    18.224064
  1.   -35.907066    14.010876    17.595028
  1.   -36.724426    15.834404    17.513254
  1.   -35.962006    17.509254    16.729935
  1.   -36.198723    17.102802    22.078337
  1.   -35.487343    10.038610    21.628157
  1.   -37.141495     9.113931    20.988813
  1.   -35.293114    11.360193    23.116680
  1.   -32.783394     9.639143    20.196375
  1.   -34.386505     8.597782    20.784262
  1.   -38.245064    10.578034    24.370052
  1.   -37.232964     9.657037    22.911484
  1.   -34.411064    15.303459    19.517614
  1.   -34.727745    13.445454    20.186607
  1.   -35.670067    12.862754    21.851683
  1.   -37.808685     9.148780    16.953243
  1.   -36.186012     8.067525    16.508495
  1.   -38.377304     8.450177    13.710739
  1.   -37.231247     7.376853    14.949503
  1.   -38.942329     8.480956    18.459517
  1.   -37.079979     8.976386    18.994497
  1.   -35.199806     4.571421    17.380440
  1.   -35.003685     6.497210    16.877573
  1.   -34.600060     6.639566    24.137682
  1.   -34.400185     7.220459    22.234365
  1.   -35.304291     6.825302    26.000360
  1.   -36.021355     5.254477    24.991232
  1.   -35.095482     3.544919    24.522009
  1.   -37.806381     4.732604    26.910816
  1.   -39.178024     4.139387    28.239986
  1.   -37.995087     4.937189    24.930277
  1.   -36.055496     7.533190    27.713417
  1.   -34.037361     4.370153    28.736660
  1.   -34.260643     5.559595    27.144379
  1.   -40.473984     5.109337     4.520504
  1.   -39.834015     6.943892     8.048075
  1.   -41.283127     6.350071     6.804110
  1.   -41.516838     6.780785     4.865073
  1.   -31.222857    13.791281    28.914253
  1.   -29.847012    13.678452    30.361431
  1.   -31.220768    12.665060    27.261494
  1.   -29.384022    11.960856    27.622677
  1.   -29.570734    10.189985    26.712105
  1.   -29.026392     3.459006    35.355320
  1.   -27.460455     2.814841    34.290947
  1.   -27.106874     3.033588    32.334644
  1.   -27.224455     3.961138    30.566647
  1.   -27.608944     5.001169    32.231125
  1.   -30.027653     1.809376    29.279072
  1.   -29.301273     3.642928    28.946712
  1.   -28.862753     5.071000    30.276489
  1.   -29.119902     7.791972    27.204107
  1.   -29.544388     8.203109    29.114807
  1.   -29.905937     8.596780    25.550493
  1.   -29.310684     6.978284    30.678516
  1.   -27.576849     7.161345    29.698566
  1.   -27.439020     9.065623    30.294155
  1.   -24.398611     7.662658    25.515064
  1.   -25.469170     6.063456    24.970589
  1.   -22.990204     7.873466    24.110804
  1.   -21.819054     6.767739    25.296452
  1.   -26.084690     6.824346    28.410194
  1.   -24.522207     6.572653    27.187372
  1.   -24.179325    -5.943574    31.903648
  1.   -24.391735    -5.479535    33.837440
  1.   -25.448538    -6.924978    30.709518
  1.   -24.995182    -5.427403    29.463825
  1.   -26.308197    -3.969380    29.851326
  1.   -25.941101    -2.342353    30.954971
  1.   -25.580153    -4.234035    34.855484
  1.   -25.057692     0.352752    45.285927
  1.   -25.857971    -0.786330    43.849945
  1.   -26.756210    -0.212317    42.157700
  1.   -27.937073     1.324161    42.652489
  1.   -27.107975     1.690750    40.869743
  1.   -25.428345     0.089375    37.363747
  1.   -25.365616    -1.801772    38.011524
  1.   -26.169216    -3.432970    37.178802
  1.   -27.360056     0.488053    37.694717
  1.   -26.852465     2.373475    38.127781
  1.   -28.055548     0.362076    39.713570
  1.   -28.629984     2.146260    39.015930
  1.   -28.998817     0.548345    33.902725
  1.   -27.201445     0.110771    33.142475
  1.   -26.939043     1.505472    31.055313
  1.   -26.427708    -0.402118    31.370960
  1.   -24.648304    -1.145304    31.901417
  1.   -23.684546    -1.686577    33.568211
  1.   -24.160580    -0.810719    35.302071
  1.   -24.278530     1.140968    35.722786
  1.   -25.417337     2.435631    36.736183
  1.   -37.408836    -8.676945     9.279863
  1.   -38.637733    -7.708630    10.525730
  1.   -39.999413    -7.498585    11.975462
  1.   -39.531059    -9.426615    11.723753
  1.   -40.880989    -7.615639     6.975008
  1.   -38.133888    -7.829686     7.619602
  1.   -39.434410    -6.319526     7.452011
  1.   -41.184334    -9.303675     8.003857
  1.   -40.924843    -5.620252     6.316391
  1.   -39.607101    -3.618397     4.811734
  1.   -39.336220    -4.442226     6.613934
  1.   -39.628914    -7.931582    15.849762
  1.   -39.517929    -7.989021    13.853664
  1.   -38.911415    -6.185102    14.468496
  1.   -39.829964    -4.421133    14.257154
  1.   -38.378075    -3.909657    12.980276
  1.   -41.748093    -3.910675    14.011766
  1.   -43.333176    -5.039539    13.550047
  1.   -49.772041     3.391281     4.926394
  1.   -49.328751     2.428950     6.622693
  1.   -47.912163     1.390801     5.665873
  1.   -47.869400    -0.481633     6.367409
  1.   -45.676277     0.755484     5.320382
  1.   -44.671616    -0.970173     5.207434
  1.   -47.342491    -2.214086     3.413369
  1.   -46.645248    -1.072890     4.900490
  1.   -44.143509     0.560085     6.590191
  1.   -49.869156     3.564146     2.936245
  1.   -42.576828    -4.526518     6.589680
  1.   -43.479767    -6.303926     6.749455
  1.   -42.461220    -3.059740     7.944370
  1.   -43.053535    -2.315412     5.073189
  1.   -42.143173    -1.544404     6.678429
  1.   -42.792603    -0.213281     5.334424
  1.   -43.795410    -6.135693     4.781693
  1.   -46.038254    -5.796411     5.323809
  1.   -45.257179    -7.192711     6.523922
  1.   -20.896473     7.817746    26.726950
  1.   -22.030403     7.899266    28.372414
  1.   -18.826311    -0.790108    39.664070
  1.   -17.613838    -0.845450    38.074471
  1.   -18.449753    -0.385458    41.586761
  1.   -19.610254    -1.940034    41.100426
  1.   -18.027149     0.941923    37.277939
  1.   -20.540392    -0.953651    42.570763
  1.   -17.155411     1.284088    44.194199
  1.   -19.102829     1.425813    44.627220
  1.   -21.074007     0.870744    43.192741
  1.   -19.641113     2.229797    42.876846
  1.   -16.130928    -2.740653    39.730732
  1.   -14.965784    -1.761657    36.298569
  1.   -16.861130    -2.175730    36.784592
  1.   -17.553261    -3.152912    38.386486
  1.   -13.720367     1.320645    32.411514
  1.   -15.233149     2.319346    33.256554
  1.   -13.854952     2.805305    35.234833
  1.   -13.266674     3.505739    37.013420
  1.   -14.876099     1.134516    34.827766
  1.   -12.314754     4.487399    35.553894
  1.   -16.731148     0.177762    40.119713
  1.   -15.522816     1.672567    40.672424
  1.   -16.502052     1.013564    35.986053
  1.   -15.871017     1.998448    37.608345
  1.   -14.513414     1.430784    38.962845
  1.    -7.156840     3.529758    33.936340
  1.    -9.310286     3.514275    32.100502
  1.    -7.793660     2.277441    32.512901
  1.    -9.960796     2.518036    35.480583
  1.   -10.860912     3.788282    36.736084
  1.   -10.167740     2.367745    33.497002
  1.    -9.152267     3.429031    37.711502
  1.    -8.867075     5.060854    30.912361
  1.   -14.826567     5.472616    27.100924
  1.   -16.203079     4.414772    28.093979
  1.   -15.053984     4.452083    29.730488
  1.   -16.145786     6.281695    25.834011
  1.   -15.553707     4.546074    25.035854
  1.   -14.185600     4.230220    23.611601
  1.   -14.169052     2.477151    24.574139
  1.   -19.280031     6.570100    28.227112
  1.   -17.896652     6.370129    26.796631
  1.   -14.742775     5.679640    31.278473
  1.   -15.220953     3.878013    32.003391
  1.   -13.522051     6.129275    29.759384
  1.   -11.365543     6.613811    31.977749
  1.   -11.885056     5.303777    30.558624
  1.   -18.347198     9.658939    25.600245
  1.   -19.026630     7.824688    26.017265
  1.    17.628231    -9.669134   -12.587801
  1.    16.942852    -9.581932   -10.710928
  1.    16.411629    -7.658140   -10.581205
  1.    17.157906    -6.088423   -11.570681
  1.    18.885933    -6.247972   -10.576460
  1.    19.837120    -7.742670    -9.648493
  1.    20.072815    -8.270845    -7.117542
  1.    19.891838    -6.519819    -8.066833
  1.    19.072674    -6.888861    -6.073595
  1.    16.496323    -4.264205   -12.054972
  1.    15.142616    -5.070237   -10.822985
  1.    13.207638    -4.606658   -10.620653
  1.    16.968956    -0.887048   -13.540674
  1.    17.296951    -1.074357   -15.504683
  1.    15.605686    -2.716355   -12.955492
  1.    17.132324    -1.994943   -11.883604
  1.    16.330147    -2.269517   -10.072214
  1.     9.076071    -8.386135   -14.360220
  1.     9.046190   -10.317589   -14.878477
  1.     8.213001    -7.503179   -12.786844
  1.     7.376890   -11.145928   -14.152327
  1.     9.586040    -6.933231   -15.636545
  1.     9.677261    -4.098986   -15.083250
  1.    11.205799    -5.362194   -14.822702
  1.    11.151386    -7.327489   -14.455759
  1.    12.304625    -5.884766   -13.235411
  1.    13.946224    -6.784883   -12.531889
  1.    13.247429    -6.605734   -10.666521
  1.    10.722776   -10.390188   -23.184887
  1.    12.892313    -9.963898   -21.418747
  1.    11.042355   -10.701456   -21.235275
  1.    10.425362   -13.348038   -22.467991
  1.    10.357651   -12.147899   -24.066448
  1.     9.920778   -14.032955   -24.572109
  1.     8.529026   -14.044186   -23.135826
  1.    13.930244   -11.115808   -20.155502
  1.     9.239147   -15.788240   -22.462032
  1.     9.335588   -13.806133   -26.471085
  1.    10.519312   -16.975353   -21.486351
  1.     8.235353   -11.070641   -16.544447
  1.     9.580082   -11.950491   -17.735062
  1.    10.384804   -11.261024   -19.431252
  1.    16.142216   -11.484743   -19.616802
  1.    14.939491   -10.167058   -18.712833
  1.    15.889904   -13.456322   -19.838657
  1.    17.779675   -14.084435   -20.023727
  1.    18.540821   -12.236065   -20.088448
  1.    16.948120   -10.220210   -17.005985
  1.    14.451374    -9.133595   -16.235674
  1.    15.081139   -10.923811   -16.866959
  1.     8.756622     0.133864     1.370385
  1.     7.161130     1.156636     0.731364
  1.    10.288067    -0.583648     0.302741
  1.    11.208445     3.488404    -0.292139
  1.     9.984856     2.710957     1.085696
  1.    11.049364     1.263344     0.207493
  1.    12.888248     0.481224     0.124991
  1.    14.859543     0.816408     0.165581
  1.    14.648529     1.677109    -1.627376
  1.    14.936996     1.685484     1.965226
  1.    14.027882     0.444632    -3.075067
  1.    13.199883    -0.748708    -4.449966
  1.    12.315151    -1.761032    -7.369546
  1.    11.966843    -1.993862    -5.413921
  1.    12.493841    -3.769647    -4.659700
  1.    14.407436    -3.386037    -5.096729
  1.     8.191456    -4.327835    -5.736776
  1.     7.503520    -1.861953    -4.443811
  1.     9.020178    -2.515063    -5.572177
  1.    10.322363    -1.639312    -4.332268
  1.    16.139526     1.097570    -9.429996
  1.    14.656620    -0.228346    -9.637230
  1.    14.436615    -2.003768    -8.743095
  1.    14.642624    -1.596251    -6.795917
  1.    16.968491     0.046885   -10.916231
  1.    13.580070     0.011310    -6.260444
  1.    15.541424    -0.277786   -12.279341
  1.    18.462410     2.326974    -7.321737
  1.    17.132450     2.702328    -8.767534
  1.    18.154331     7.206733    -5.555887
  1.    17.456161     5.591024    -4.606130
  1.    19.893322     5.942343    -6.799762
  1.    19.345131     7.852231    -7.027391
  1.    21.302265     4.530322    -6.944940
  1.    15.907566     6.491071    -5.495950
  1.    21.088036     7.848363    -8.008345
  1.    22.660187     8.074330    -6.792919
  1.    20.412464     2.764997    -7.248085
  1.    20.839397     3.339846    -9.115517
  1.    19.316456     2.241343    -9.803946
  1.     0.697870     6.428578    -1.348089
  1.    -0.920845     6.925647    -2.412363
  1.     2.339292     5.216172     1.899554
  1.     2.313379     6.985421    -0.308834
  1.     0.974890     5.769877     0.546097
  1.     0.553440     2.325655     0.882693
  1.     1.691047     3.906277     0.427207
  1.    -2.782980     8.339820    -1.794389
  1.    -2.630856     6.361663    -1.541852
  1.    -3.005261     6.580140     0.410601
  1.     1.114197    -1.238175    -0.345647
  1.     2.481786    -0.632529     0.982100
  1.     3.559387     0.903519     1.674418
  1.     2.522913     2.369241    -0.545173
  1.     2.929313     0.414461    -0.662134
  1.     3.651535     3.914977    -1.125600
  1.    -2.902468    -1.322138    -1.953378
  1.    -0.717896    -1.884178     0.129866
  1.    -1.160053    -2.288239    -1.778329
  1.    -1.963055    -1.665815     1.679675
  1.     4.317642     0.984393    -1.984148
  1.     3.765724    -1.305160    -3.455770
  1.     4.491165    -2.955108    -2.588930
  1.     4.710905     0.410595    -3.859276
  1.     6.436903    -2.749422    -3.003416
  1.     6.049377    -3.768321    -1.326612
  1.     4.987133    -5.392282    -2.905489
  1.     4.617885    -5.901512    -4.803995
  1.     6.687854    -5.583904    -1.870679
  1.    -7.486681     3.137300    -4.936302
  1.    -8.244883     4.322755    -3.515093
  1.   -10.079115     3.633782    -3.916193
  1.    -4.111317     3.924372    -3.460691
  1.    -5.018578     4.627587    -5.098482
  1.    -2.485928     4.631261    -2.534166
  1.    -7.071211     4.482646    -1.903593
  1.    -5.813651     3.167355    -2.733381
  1.    15.456711     9.032395    -0.604227
  1.    14.179344     8.148880    -1.864275
  1.    14.499962     6.175363    -1.815074
  1.    16.447929     6.183011    -2.268253
  1.    17.916626     4.919436    -2.779388
  1.    16.534691     3.691681    -3.542864
  1.    18.138424     6.885142    -3.073995
  1.    22.463642    12.456626     7.026053
  1.    21.900330    11.862573     5.201285
  1.    21.350151    12.243632     3.316584
  1.    19.798836    11.602845     4.404154
  1.    18.042595    12.504535     4.724419
  1.    17.237526    11.644376     6.340584
  1.    17.401623    10.482332     4.721108
  1.    17.298344    10.004350     7.483655
  1.    23.180466    10.127083     1.963271
  1.    22.622444    13.706529     2.825486
  1.    21.954342    12.877854     1.132283
  1.    21.987442    10.953810     0.587325
  1.    23.472095    15.490501     2.516367
  1.    23.855339    16.086637     4.386597
  1.    14.816967    10.831427     3.183127
  1.    16.592674     9.934804     2.975880
  1.    15.930038     8.996549     1.338629
  1.    13.919441    12.479726     2.492081
  1.    28.221153    10.246975    -4.694442
  1.    26.246323    10.079875    -4.963039
  1.    29.330063     9.604664    -3.158937
  1.    25.828098    11.121497    -3.307718
  1.    26.307732    11.403352    -1.386644
  1.    30.176376    15.223021    -3.805366
  1.    28.919884    15.809130    -5.246793
  1.    27.933704    16.944424    -3.928255
  1.    30.295189    13.295510    -3.285177
  1.    25.778011    16.718464    -3.724396
  1.    27.070473    16.156008    -2.305521
  1.    28.984119    11.912038    -3.891073
  1.    30.513596    11.325112    -5.038339
  1.    26.399658     9.149559     4.076256
  1.    27.157368    10.532666     5.306265
  1.    26.054516    12.682332     1.817259
  1.    25.704285    11.521520     3.407815
  1.    27.421661    10.550445     3.079731
  1.    25.122726    14.417987     2.162610
  1.    26.982620    14.254035     0.999720
  1.    26.302448    13.233514    -0.580116
  1.    28.228889    14.302184    -4.128014
  1.    25.395218    10.268125    14.245752
  1.    24.948792     8.432014    13.590488
  1.    24.286121    11.929847    14.152767
  1.    27.074375    12.678765    12.260899
  1.    26.691677    11.771325    14.001631
  1.    25.536465    12.219712     9.387669
  1.    25.945366    10.309953     9.818550
  1.    27.089394    10.898357    11.349897
  1.    23.706833    12.268723     8.581421
  1.    24.877190    13.644631     7.722866
  1.     5.207660    -9.502188   -23.182430
  1.     4.341115   -10.856495   -24.371952
  1.     3.472377    -9.146890   -22.253693
  1.     4.346162    -9.754332   -20.560322
  1.     0.310627    -9.410801   -25.562580
  1.     2.103262   -10.046495   -24.944214
  1.     2.604900   -11.834554   -24.201782
  1.     2.638870   -13.786343   -23.766609
  1.     6.763843    -1.181544   -25.172047
  1.     8.373232    -3.215052   -26.304558
  1.     6.566560    -2.454700   -26.701805
  1.     6.709579    -6.316154   -24.110935
  1.     7.909194    -3.774577   -24.441334
  1.     8.134796    -5.567773   -25.297813
  1.     6.238342    -7.291359   -25.792282
  1.     6.710746    -8.226055   -23.517410
  1.     9.336042    -9.180951   -23.968929
  1.     7.660787    -9.079341   -25.056675
  1.    10.288307    -7.805481   -25.064949
  1.     7.060195   -10.759727   -25.959785
  1.    12.341148   -19.666176   -31.106438
  1.    10.931688   -18.890160   -29.918491
  1.    11.829330   -17.105576   -30.015923
  1.    12.068649    -7.307933   -25.828392
  1.    13.316589    -6.857140   -24.331924
  1.    12.064264    -9.047046   -27.208908
  1.    12.700994    -7.222383   -27.723862
  1.    13.864197    -9.855906   -29.044456
  1.    12.321712   -10.781675   -28.170563
  1.    11.868885   -12.729723   -28.178474
  1.    12.627693   -12.931801   -26.339073
  1.    12.982862   -11.654179   -24.841900
  1.    12.860285   -18.055431   -27.805138
  1.    14.601868   -17.179726   -28.252388
  1.    15.596428   -15.782825   -27.223068
  1.    13.340858   -18.884548   -29.560589
  1.    15.465961   -13.151291   -23.402264
  1.    14.396168   -11.461876   -23.439907
  1.    14.895309   -17.951260   -24.445065
  1.    14.498577   -16.430416   -25.681854
  1.    13.955227   -14.560516   -25.225533
  1.    13.897999   -14.381458   -23.234386
  1.    14.445698   -15.570053   -21.722019
  1.    16.841415   -18.163364   -24.854553
  1.     9.216921    -4.683979   -28.998077
  1.    11.418297    -3.840874   -27.432514
  1.     9.763966    -4.910608   -27.087742
  1.    10.387264    -4.248205   -30.560257
  1.    11.959202    -1.828780   -26.218552
  1.    10.333981    -2.972493   -25.993706
  1.    10.880924    -2.329503   -30.833904
  1.    12.292433    -0.922852   -30.663712
  1.    11.055948     0.456946   -23.802341
  1.    11.283886    -0.009741   -25.733727
  1.    10.305838     0.721432   -27.317650
  1.     8.644754    -7.438998   -33.708481
  1.     9.236389    -8.790508   -32.358154
  1.     8.754774    -8.911762   -30.420795
  1.     9.360386    -8.908295   -34.861328
  1.    10.447302    -7.878307   -30.161343
  1.    12.028606    -6.404238   -30.536591
  1.    10.155834    -6.199086   -31.207893
  1.    12.241463    -4.547096   -31.247734
  1.    13.985168    -5.090256   -32.062885
  1.    13.978951     2.864100   -34.763290
  1.    12.057568     2.571751   -34.291245
  1.    11.562315     4.250400   -35.259155
  1.    15.201668     2.489599   -36.301056
  1.    12.735138     5.436399   -37.699547
  1.    11.006660     4.593931   -37.149452
  1.    16.914536    -2.349857   -39.116722
  1.    15.956474    -1.225518   -37.265900
  1.    15.019699     0.326352   -36.420822
  1.    15.163811    -2.776415   -38.248962
  1.    14.297100    -0.599187   -33.523140
  1.    15.816639    -0.575220   -34.823303
  1.    15.623631    -1.698098   -32.506905
  1.    15.197689    -3.640805   -32.717789
  1.    16.076252     1.407436   -34.864380
  1.    13.949467    -2.025819   -39.649666
  1.     9.235786     4.576278   -38.078804
  1.    19.643578   -13.960239   -30.420570
  1.    19.030556   -13.925671   -32.323994
  1.    18.575245   -12.297176   -31.255959
  1.    17.578842   -11.093555   -32.504345
  1.    22.228561   -14.450827   -30.652107
  1.    20.842628   -15.219131   -29.431900
  1.    21.505615   -14.196009   -27.846455
  1.    20.146935   -12.735020   -27.986107
  1.    16.191559   -13.021553   -33.657387
  1.    17.558857   -15.254704   -32.584358
  1.    15.755814   -14.956009   -33.396652
  1.    22.417221   -15.923477   -27.416523
  1.    13.699169    -8.917818   -32.816124
  1.    15.644730   -10.881960   -35.275604
  1.    15.630684    -9.436016   -32.843132
  1.    15.190918   -11.312879   -33.376030
  1.    16.837849   -10.384660   -36.801758
  1.    17.788769   -10.591335   -35.054459
  1.    15.868156    -7.941665   -31.535263
  1.    15.430752    -6.340801   -32.651466
  1.    12.750788   -17.849331   -34.214935
  1.    12.702404   -16.118668   -35.216164
  1.    14.638546   -15.826544   -34.808701
  1.    14.739300   -17.801586   -34.006271
  1.     9.622894     0.266759   -21.306328
  1.    11.927345     2.533860   -20.487923
  1.    11.188427     0.707765   -20.142433
  1.    13.744022     1.701694   -20.572735
  1.    14.022049     1.100219   -22.459782
  1.    12.858118     2.545045   -23.960953
  1.    13.561810     0.717752   -24.368153
  1.    12.985638     0.890520   -26.275551
  1.     5.829639    -4.026299   -52.125168
  1.     4.335063    -4.051724   -50.796417
  1.     6.088275    -4.150666   -49.839096
  1.     6.443836    -4.651615   -47.935768
  1.     6.336238    -7.280292   -47.518585
  1.     9.368536    -8.087157   -47.351952
  1.     8.786037    -8.807050   -45.579239
  1.     7.068691    -7.793080   -45.729576
  1.    10.204155    -6.649519   -44.878616
  1.    11.116047    -5.278590   -46.013962
  1.     8.594595    -4.991816   -43.679359
  1.     8.254261    -6.801272   -44.460434
  1.    10.427351    -5.054351   -42.881195
  1.    12.368368    -5.400037   -42.545097
  1.    13.031216    -7.109417   -41.745934
  1.    11.928061    -6.217696   -39.297310
  1.    11.656946    -7.812014   -40.474030
  1.     8.475664   -12.285049   -46.556122
  1.     7.908020   -10.603158   -45.634689
  1.     7.822568    -6.020097   -49.307938
  1.     8.865007    -4.911124   -50.605438
  1.     5.838451    -6.161197   -49.099686
  1.    10.775883   -14.058407   -46.884491
  1.    10.336199   -12.414383   -45.833847
  1.    13.453339    -5.307920   -40.867485
  1.    13.030167    -3.353572   -40.829475
  1.    -1.910502    -4.157062   -48.331123
  1.    -1.751797    -4.882138   -46.473946
  1.     1.803138    -6.125606   -47.895798
  1.     0.070678    -7.119356   -48.000900
  1.    -0.733776    -5.611047   -49.039101
  1.    -1.524884    -7.549394   -45.698181
  1.    -0.539528    -5.873209   -45.229691
  1.    -2.275181    -5.250865   -44.454971
  1.    -2.454428    -5.885316   -42.566757
  1.    -3.412989    -7.442863   -41.757286
  1.    -3.941638    -5.554679   -41.271057
  1.    -4.582371    -5.257599   -43.142189
  1.     0.847553    -6.113481   -50.155777
  1.    -0.169894    -7.789104   -50.552109
  1.     1.704042    -8.263968   -50.039375
  1.     1.451412    -9.967786   -49.022919
  1.     3.334032   -10.621501   -49.191406
  1.     2.844215    -9.430471   -47.661217
  1.     4.824193    -9.655066   -47.832237
  1.     1.116386   -11.935739   -49.144989
  1.     1.207842   -13.929708   -49.019623
  1.     6.161975    -9.959872   -49.287354
  1.     5.344425   -11.561921   -48.412704
  1.     6.309471   -11.129965   -46.715027
  1.     0.318018   -11.358766   -50.885605
  1.     0.754995   -11.233923   -52.833290
  1.    -0.619774   -12.350176   -53.762802
  1.     0.623134   -13.904707   -53.566238
  1.     2.152002   -14.320492   -54.786758
  1.     2.682083   -12.740685   -55.892769
  1.    -0.322487   -22.175396   -47.743118
  1.    -0.469116   -21.382851   -49.573509
  1.    -0.126635   -22.253666   -51.341110
  1.     1.124847   -23.830582   -48.001923
  1.    -0.460543   -23.926315   -46.786453
  1.    -2.363068   -22.004318   -49.410080
  1.    -3.129734   -20.192482   -49.769897
  1.    -2.769949   -18.969162   -51.310684
  1.    -0.871212   -24.936123   -50.811646
  1.     0.692312   -24.999485   -49.566071
  1.     1.989065   -26.880203   -52.157486
  1.     2.712337   -27.964298   -50.640366
  1.     0.426296   -25.632114   -52.165176
  1.     1.289470   -26.345085   -45.693993
  1.     1.616367   -26.446743   -43.723503
  1.     0.421039   -25.865597   -42.229034
  1.    -2.167752   -26.230911   -44.914864
  1.    -0.594643   -25.787888   -46.067719
  1.    -1.424582   -18.623604   -46.227478
  1.    -2.301171   -20.182053   -45.331459
  1.    -4.524598   -17.978462   -46.261230
  1.    -2.779751   -17.407158   -47.054405
  1.    -5.740248   -15.650578   -48.686356
  1.    -5.383545   -17.495548   -48.001648
  1.    -4.549614   -19.041538   -48.957924
  1.    -4.398522   -12.184124   -44.694267
  1.    -4.774579   -13.863281   -43.674942
  1.    -5.416581   -14.740831   -45.353546
  1.    -3.256291   -12.458044   -47.677795
  1.    -2.826369   -12.814997   -45.757446
  1.    -3.428211   -15.961918   -48.275368
  1.    -3.492815   -14.051365   -48.863281
  1.    -0.019257   -15.282185   -48.204117
  1.    -1.657347   -14.758564   -49.225151
  1.    -3.199282   -14.094433   -50.841156
  1.    -3.683533   -27.267708   -45.706955
  1.    -1.163998   -27.952236   -44.615540
  1.    -3.065899   -28.356056   -44.146820
  1.    -2.184468   -27.096478   -42.028831
  1.     1.030235   -28.318726   -40.544952
  1.     0.110481   -29.176342   -42.100113
  1.    -1.769703   -28.921989   -42.732742
  1.     0.852945   -30.643372   -43.238815
  1.     2.643375   -29.841934   -43.628792
  1.     3.293987   -30.413235   -41.825928
  1.    28.018707    -4.855803     4.999609
  1.    26.144730    -7.031890     4.041705
  1.    27.475159    -7.315174     2.575514
  1.    27.271378    -6.953613     0.619051
  1.    29.240219    -7.253279     0.803111
  1.    27.838470    -6.845663     5.088881
  1.    30.873489    -9.019979     5.402117
  1.    29.695206    -7.412607     5.569617
  1.    30.675430   -10.589954     4.179026
  1.    18.657944    -8.013787     7.040118
  1.    17.250679    -7.418258     5.749793
  1.    17.128544    -7.773551     3.785401
  1.    16.154175    -6.546121     7.177041
  1.    15.115231    -5.224477     6.093585
  1.    22.621803    -5.714062    11.475763
  1.    20.754536    -5.726732    12.192125
  1.    23.721397    -7.639962    14.704271
  1.    21.774918    -7.213019    14.874331
  1.    25.291092    -6.424975    14.948975
  1.    21.719727    -7.797711    16.786167
  1.    21.038803    -7.515882    13.039560
  1.    25.643112    -8.360476    14.588511
  1.    22.548367    -6.235199     9.546251
  1.    19.394917    -5.624947    10.018133
  1.    18.940628    -6.460188    11.777679
  1.    25.375221    -5.254030     6.991324
  1.    26.001904    -7.848430     6.050986
  1.    27.046303    -6.344483     6.855601
  1.    20.144859    -8.149487     5.709456
  1.    22.178940    -6.228045     6.131861
  1.    20.378490    -6.214436     5.261115
  1.    23.753925    -7.056314     8.177898
  1.    22.440445    -8.503935     8.601158
  1.    23.411861    -5.257951     7.372361
  1.    25.500111   -10.166529    13.741343
  1.    26.673008   -11.785978    13.782444
  1.    12.841066    -8.800301     7.779323
  1.    13.745594    -7.966576     6.202387
  1.    14.210537    -9.782962     5.506262
  1.    15.997982   -10.478676     4.939675
  1.    16.549828    -9.187819     6.364169
  1.    28.388046     5.859080    21.541721
  1.    27.287243     7.407972    22.165546
  1.    25.747688     7.410478    23.442165
  1.    30.211212     6.674100    21.793049
  1.    29.927216     5.247149    20.420780
  1.    28.371353     4.991645    19.190300
  1.    29.782967     5.858173    18.069363
  1.    32.756920    -4.361560    14.411837
  1.    31.753922    -3.042367    13.292135
  1.    31.118626    -1.822955    14.744539
  1.    30.393600    -2.300574    16.546272
  1.    31.017708    -2.267806    11.601574
  1.    29.135468    -1.637557    11.846457
  1.    30.777008     0.065619    15.307192
  1.    29.369564     1.451874    15.619270
  1.    27.045506     0.653027    15.232557
  1.    28.200531     1.751300    14.024378
  1.    27.234470     5.795911    17.754807
  1.    28.173653     7.476731    17.213715
  1.    27.566452     3.925054    17.130573
  1.    27.725964     7.571481    15.266779
  1.    26.109985     6.950130    14.265495
  1.    29.303001     3.312326    16.350224
  1.    31.621422     2.850003    11.850424
  1.    30.958107     3.364474    13.665728
  1.    30.129047     5.088702    14.248554
  1.    28.498764     4.003684    14.654577
  1.    26.296169    -3.727661     7.898010
  1.    27.796623    -3.774742    10.202034
  1.    27.451824    -2.376637     8.814077
  1.    26.745789    -4.177005    11.855494
  1.    28.332130    -3.272781    12.671497
  1.    29.021526    -1.271020     9.374123
  1.    28.420357     0.631137     9.231340
  1.    30.254585     9.722150    16.710670
  1.    28.978416     9.130608    15.288889
  1.    29.379601     8.231223    13.548147
  1.    31.896179     8.691376    17.203274
  1.    31.920448     7.872834    15.378618
  1.    32.135414     7.795924    18.975559
  1.   -47.877312     3.222942    -2.835039
  1.   -50.218899     5.828669     0.117826
  1.   -49.225067     7.527882    -0.235693
  1.   -48.565578     6.979339    -2.042395
  1.   -48.654442     5.037152    -2.511448
  1.   -50.142822     4.033571    -3.393234
  1.   -50.876003     4.687760     1.623329
  1.   -51.736603     5.263850    -4.693856
  1.   -51.524849     5.305212    -2.705528
  1.   -55.129761     3.266742    -4.236497
  1.   -53.236420     3.134968    -4.867275
  1.   -52.317204     4.202820    -6.286690
  1.    18.539371    -4.498332   -48.009682
  1.    20.418894    -4.054273   -47.489864
  1.    19.722546    -1.599262   -48.712925
  1.    20.844946    -2.130810   -47.145229
  1.    21.801296    -2.453548   -53.851597
  1.    20.540676    -4.004072   -53.933521
  1.    19.927801    -3.274540   -51.302414
  1.    19.418404    -4.805085   -52.484764
  1.    18.562210    -2.563630   -50.025791
  1.    18.366562    -1.399089   -51.639969
  1.    20.601118    -4.848236   -44.140804
  1.    20.394165    -5.433744   -46.041950
  1.    18.848095    -2.099944   -45.382603
  1.    18.978390    -4.078662   -45.642788
  1.    15.551880    -2.257926   -46.562668
  1.    14.097242    -3.615979   -46.761974
  1.    12.338161    -3.707996   -45.814785
  1.    16.493296    -4.834040   -46.865761
  1.    17.209549    -3.200927   -45.960266
  1.    14.018473     0.603181   -49.670235
  1.    13.622593    -0.626862   -48.143711
  1.    14.415646    -0.631904   -46.307671
  1.    11.646544     4.045053   -50.175930
  1.    10.862247     2.211237   -50.324245
  1.    10.765018     5.809436   -50.507393
  1.    11.698631     1.820226   -45.778416
  1.    13.649328     2.099682   -45.436821
  1.    10.220621     3.167188   -45.744106
  1.    10.132254     0.962929   -46.679249
  1.     8.424225     2.436135   -48.388100
  1.    10.147400     1.447649   -48.619564
  1.    13.706425     1.124859   -47.182232
  1.     8.679770     2.428147   -53.159462
  1.    11.363333     1.539442   -53.030853
  1.    10.292074     2.945416   -52.095085
  1.     7.729060     1.531989   -51.645180
  1.     6.962425     2.741453   -54.135464
  1.     6.463395     4.227903   -52.893925
  1.    26.506765    -3.204127   -42.760571
  1.    23.956423    -3.614383   -43.916134
  1.    25.561531    -4.761130   -43.586575
  1.    24.921541    -0.782552   -40.211842
  1.    24.171818    -0.271419   -41.994156
  1.    26.787552    -1.340188   -39.756817
  1.    23.775608    -2.144787   -42.571663
  1.    22.573856     1.246269   -40.222889
  1.    22.780354     1.331800   -42.210361
  1.    21.660376     2.986361   -42.120556
  1.    23.844843     0.627990   -43.750332
  1.    20.540905     2.947745   -43.777447
  1.    19.932419     1.514602   -45.032772
  1.    19.530001    -0.394208   -44.591736
  1.    27.178398    -3.280390   -39.468994
  1.    17.938915    -1.707916   -59.180653
  1.    16.267128    -1.953361   -60.250645
  1.    15.407658    -3.657368   -60.848698
  1.    13.805716    -2.968269   -59.869457
  1.    18.371239    -6.815611   -63.180641
  1.    18.966311    -7.600254   -61.439888
  1.    18.518932    -3.508999   -61.316448
  1.    17.025440    -5.768920   -62.135052
  1.    17.104755    -4.649207   -60.479767
  1.    17.103651    -3.462669   -58.708237
  1.    22.717165    -5.891038   -55.696995
  1.    21.663519    -7.739531   -53.831314
  1.    21.346052    -5.808347   -54.243305
  1.    21.319414    -5.062748   -56.863285
  1.    22.306976   -10.200671   -59.221645
  1.    20.690296    -9.183545   -58.628525
  1.    20.588898    -7.339895   -57.859970
  1.    22.429253    -6.628058   -57.533813
  1.    23.438066   -10.108496   -57.574791
  1.    23.354727   -12.089837   -57.834278
  1.    17.785137    -8.947515   -60.551228
  1.    18.747414    -9.565320   -58.910393
  1.    -9.392303    18.736065    38.135040
  1.    -8.736092    18.438677    40.000771
  1.    -8.814045    17.827816    36.449604
  1.    -7.371402    17.897249    37.833061
  1.    -6.210944    16.365406    37.279167
  1.    -3.969175    17.660599    35.668060
  1.    -5.959926    17.736248    35.844673
  1.    -5.341007    11.106986    42.247204
  1.    -3.836533    12.306492    41.701546
  1.    -2.616076    13.006823    43.122818
  1.    -2.235266    11.134643    43.714363
  1.    -5.695401     9.879314    43.785786
  1.    -7.222592    10.947865    44.510967
  1.    -5.087681     8.050326    44.320084
  1.    -6.049633     7.465180    45.973038
  1.    -8.184668    11.432056    48.480961
  1.    -9.163544    10.789615    46.859520
  1.    -6.263849    12.250881    45.686962
  1.    -8.254810    12.274767    45.875385
  1.    -9.663517    13.196020    46.955585
  1.    -9.393917    14.861418    43.108047
  1.    -9.043404    16.214838    41.677868
  1.   -10.291332    17.582829    40.922043
  1.    -8.028606    13.898453    42.008671
  1.   -10.629234    17.914436    42.865200
  1.    -9.297041    19.159790    43.686386
  1.    -8.945950    13.346747    44.334866
  1.    -5.461720     5.799701    42.590748
  1.    -2.972315     7.594610    42.019672
  1.    -3.640366     7.497958    40.137024
  1.    -4.965261     6.100361    40.676819
  1.    -4.432015     6.161611    44.266674
  1.    -4.091844     4.382817    45.115311
  1.    -7.127096     5.792498    37.584045
  1.    -6.064661     6.589596    39.079330
  1.    -9.090309     5.417902    37.510059
  1.   -13.993183    12.910233    48.829075
  1.   -12.225180    13.111815    47.916096
  1.   -10.502941    13.794929    48.669258
  1.   -13.570557    11.260884    49.878376
  1.     3.166873     7.371947    57.777096
  1.     1.928308     7.386599    59.347366
  1.     2.395101     5.044811    56.894745
  1.     4.219298     5.857556    57.003132
  1.    -1.667176    10.770114    58.747257
  1.     0.218554    10.379279    59.286949
  1.    -0.128178    11.253654    57.521942
  1.    -0.269459    12.804250    56.266674
  1.    -0.808101    13.640293    54.433983
  1.    -0.569712    11.874218    53.526161
  1.     2.176954    12.434153    55.188587
  1.     0.966154    14.023724    55.273628
  1.     0.714991     8.659540    58.394737
  1.     3.360600    10.845427    54.914848
  1.     4.643642    12.079338    54.003120
  1.     2.617790    15.261169    53.435665
  1.     4.564509    14.911989    53.138416
  1.     5.775906    13.333855    52.933460
  1.     6.059502    14.555834    54.491127
  1.     7.725665    13.515347    53.340271
  1.     7.020973    11.690863    53.758213
  1.    -1.961313     8.780483    60.321304
  1.    -0.065164     8.163109    60.168129
  1.    -3.559992     7.755927    60.949409
  1.     0.186747     6.500919    61.251480
  1.    -4.500973     8.893913    51.089073
  1.    -4.528464     9.312746    53.044533
  1.    -5.421923    10.837237    53.981369
  1.    -6.444234     8.645510    50.686539
  1.    -5.320188     8.542391    60.417259
  1.    -6.310441     5.901609    60.648590
  1.    -6.487629     7.365921    59.297886
  1.    -6.457603     6.390574    57.552094
  1.    -8.175638     5.485342    58.030533
  1.    -8.184408     7.081005    56.189632
  1.    -9.209290     5.368691    56.322334
  1.   -11.348274     8.269766    55.921509
  1.    -9.708225     7.591804    54.999226
  1.    -7.032631    11.260232    55.088932
  1.    -8.834059    10.422391    54.858963
  1.   -10.300196     9.959336    56.138035
  1.   -10.444931    11.915412    55.747112
  1.    -7.537055    10.049321    49.772724
  1.   -11.434332    15.381027    57.148586
  1.   -10.409239    13.719065    57.581085
  1.   -11.925056    12.605022    56.901962
