  1.     0.020763    -4.653156    -5.779735
  1.     0.527643    -2.853489    -5.069612
  1.    -0.209609     3.375302     0.532165
  1.    -0.511882     4.525404    -1.075907
  1.    -0.592286     1.550715    -0.192021
  1.    -2.318459     0.693880    -0.726959
  1.     0.251270     0.934657    -1.897567
  1.     1.490458    -0.263681    -0.883465
  1.     2.167041    -3.060304    -2.544075
  1.     0.781968    -1.863843    -3.350333
  1.     0.864587    -1.932704     0.023532
  1.     1.554502    -3.650342    -0.733922
  1.     0.519682    -5.020156     0.292118
  1.     0.738237    -1.388453     1.943904
  1.    -3.991803    -0.336773    -1.098006
  1.    -5.626819    -1.406597    -1.524848
  1.     6.680223    -8.438482    -7.087540
  1.     5.569303    -7.043658    -6.181823
  1.     5.185177    -5.173654    -6.778092
  1.     2.903916    -5.496083    -3.642553
  1.     2.080264    -7.196286    -4.298990
  1.     3.473281    -3.368809    -4.026829
  1.     2.996954    -1.444642    -4.292707
  1.     3.673802    -5.232819    -5.469563
  1.     4.914568    -3.666721    -5.381060
  1.     0.300678    -9.970978    -6.341630
  1.     1.619478    -8.711432    -5.520468
  1.     0.345739     1.674216     2.789539
  1.     0.732919     0.480615     1.232167
  1.    -1.408135     2.443273     3.366151
  1.    -2.334861    -0.541994     3.787601
  1.    -4.703920     3.528043     6.475152
  1.    -3.180582     1.567795     6.348796
  1.    -1.760829     0.596839     5.328234
  1.    -0.683555     2.278624     5.222996
  1.    -5.026399     1.757588     5.602513
  1.    -4.919052    -1.977879     5.236922
  1.    -7.279280    -1.508786     2.387448
  1.    -7.875193    -1.934745     4.248481
  1.    -6.764849    -2.481450     5.819547
  1.    -4.285923    -0.096102     5.477881
  1.     1.095286     4.870208     0.282157
  1.     0.653687     6.773425     0.709658
  1.     1.899462     8.319571     0.949403
  1.     3.627569     7.618391     1.671895
  1.    -1.222113     6.374533     1.277339
  1.     1.653518     9.945589     2.087638
  1.     3.328174     9.499054     3.085703
  1.     2.166560    10.515014     4.486655
  1.     0.878835    11.391296     3.232104
