  1.    14.819543    -7.085978    -5.363695
  1.    14.896107    -5.538829    -6.628792
  1.    14.309246    -3.871992    -5.692177
  1.    16.270390    -3.583177    -5.957703
  1.    13.131941    -6.087986     1.115368
  1.    12.355754    -4.249349     0.985193
  1.    10.675488    -5.011213     0.213007
  1.    10.176042    -5.324185     5.978425
  1.    10.397679    -1.751620     6.757545
  1.     9.863849    -3.367465     5.706800
  1.    11.301591    -2.378973     3.478877
  1.     9.367064    -2.653271     3.905929
  1.    13.165328    -3.038401     3.176154
  1.    13.610134    -2.635062     5.083894
  1.    14.138136    -4.223649     1.892087
  1.    12.152561    -1.423066     7.658900
  1.    12.995876     0.370442     7.927512
  1.     9.072325   -10.526292     6.188245
  1.     8.167287    -9.978860     7.885661
  1.     9.248316    -8.296580     7.921817
  1.    11.607251    -6.310767     6.967517
  1.    11.309074    -7.498716     5.386418
  1.    10.287334    -9.215376     5.290885
  1.    19.650072    -6.635903    -1.637341
  1.    18.428345   -10.195116    -1.572048
  1.    19.025658    -8.423282    -2.281850
  1.    17.519880    -8.854247    -0.398689
  1.    18.256643    -8.963573     1.457443
  1.    14.922535    -7.294041    -1.304659
  1.    16.431969    -7.225456     0.005652
  1.    17.882784    -5.858294     0.166941
  1.    13.993029    -5.548717    -1.004872
  1.    14.694954    -3.778492    -2.019723
  1.    13.885321    -3.724662    -0.191721
  1.    13.797414    -3.528770    -3.789488
  1.    17.537079     1.578241    -6.591465
  1.    16.844311     0.251367    -7.917916
  1.    14.421467    -0.565088    -6.887404
  1.    14.960700     0.877085    -8.163869
  1.    13.908468    -1.862202    -5.454112
  1.    16.172934    -2.872711    -4.090690
  1.    15.878156    -1.526035    -5.539678
  1.     2.517854    -7.074503    -6.998631
  1.     4.145394    -7.188779    -5.841892
  1.     3.693841    -7.085785    -2.143139
  1.     4.105592    -5.608808    -3.427273
  1.     2.230546    -7.083420    -3.506506
  1.     2.180169    -8.023750    -5.270945
  1.     7.330565    -7.518073    -4.237558
  1.     6.651414    -5.812837    -3.443250
  1.     7.555797    -4.597913    -2.137092
  1.     4.741361    -6.845816    -0.456393
  1.     5.824668    -5.479702     0.523498
  1.     6.195262    -5.354062     2.484843
  1.     7.773668    -5.202802     0.876667
  1.     8.924487    -5.055472    -0.752414
  1.    -5.929712    -1.508711    -2.633823
  1.    -7.299116    -0.843368    -1.336881
  1.    -6.804392     1.091567    -1.230687
  1.    -8.640268     1.261657    -2.005694
  1.   -10.407755     0.771619    -2.803094
  1.    -4.632338     3.413863     0.220817
  1.    -5.930101     2.890207    -1.208028
  1.    -6.417833     3.882216    -2.874772
  1.    -4.278880     5.088302    -4.469861
  1.    -4.757978     4.944461    -2.533429
  1.    -3.476119     2.178947    -0.846022
  1.     0.037164    -3.678074    -2.206896
  1.    -0.092223    -1.942661    -3.192596
  1.     2.215684    -1.832955    -4.475465
  1.     0.343736    -2.063612    -5.140752
  1.    -2.938807    -3.315482    -4.611042
  1.    -1.647239    -3.987562    -3.239854
  1.    -4.066974    -1.664869    -4.558941
  1.    -4.332621    -0.379136    -3.050192
  1.    -4.754259    -2.580460    -6.198858
  1.     1.980065     1.512517    -6.265367
  1.     2.940190     0.425269    -7.642339
  1.     1.306649     1.638460    -4.386366
  1.     0.692807    -0.094583    -5.173611
  1.     3.147717    -3.344518    -6.028148
  1.     2.703898    -5.292977    -6.108937
  1.     4.409797    -2.402607    -4.795281
  1.     3.416203    -2.597797    -3.070555
  1.    27.194344     0.871123    -7.606493
  1.    26.356058    -1.776429    -8.150183
  1.    28.034752    -0.937688    -7.458443
  1.    25.502708     1.164450    -8.632327
  1.    25.982676     2.750164    -7.511994
  1.    29.154726     0.280214    -6.334888
  1.    29.181940     0.772345    -4.396574
  1.    18.896004     2.506724    -3.731594
  1.    20.572289     1.925343    -4.654661
  1.    22.134132     0.932735    -3.896129
  1.    22.795477     2.218536    -2.514341
  1.    24.044704     2.525977    -4.472007
  1.    24.712763     1.711039    -2.772132
  1.    24.405964    -0.044793    -6.745734
  1.    24.873514     1.803978    -6.142872
  1.    26.169744    -3.690639   -13.056134
  1.    25.785343    -2.171376   -11.813525
  1.    26.689819    -1.622887   -10.116151
  1.    28.337717    -2.456056   -10.884437
  1.    27.873835    -0.012398   -10.049545
  1.    29.550787    -1.014662    -9.621404
  1.    32.888504    -0.877469   -12.777207
  1.    31.671442     0.736388   -10.265395
  1.    29.697077    -0.786944   -11.603005
  1.    31.331078     0.218966   -12.167087
  1.    19.417484    15.037678    -1.810556
  1.    17.952646    16.141624    -2.607767
  1.    15.618763    17.383215    -0.797142
  1.    16.043901    14.696491    -0.016992
  1.    17.196213    16.154400    -0.756378
  1.    17.672859    13.569450    -3.823331
  1.    18.114094    13.522007    -1.873186
  1.    16.388594    10.923664    -4.472945
  1.    17.940472    11.627667    -3.426020
  1.    19.157970     9.784679     0.482730
  1.    17.257790     9.307686     0.884964
  1.    17.348894    10.365686     2.579758
  1.    19.825815     7.563520    -4.957995
  1.    19.909782     5.760926    -5.820323
  1.    18.474331     4.785408    -6.814229
  1.    17.056213     6.079241    -7.375412
  1.    22.293293     3.441584    -6.624777
  1.    20.543314     2.474453    -6.577588
  1.    19.794182     3.760745    -7.913347
  1.    21.875631     7.019149    -2.224079
  1.    23.618631     7.326512    -3.155463
  1.    20.431778     5.630272     0.082560
  1.    22.208359     5.618322    -0.835923
  1.    24.024424     5.368040    -0.036381
  1.    25.912949     5.704250    -0.602445
  1.    19.399858     6.829715    -1.140747
  1.    18.301785     8.452194    -0.738510
  1.    19.762489     9.054377    -1.964774
  1.    19.707661     9.287135    -3.950428
  1.    19.895599    11.206433    -3.420364
  1.    24.878008     5.338442    -2.274295
  1.    26.603888     4.669929    -3.032211
  1.    26.159891     3.646786    -1.372073
  1.    27.549643     2.285699    -1.836866
  1.    30.993961     4.284707   -19.446196
  1.    27.392998     5.733463   -13.425368
  1.    31.530451     3.528054   -17.674288
  1.    32.627632     2.732691   -16.203373
  1.    32.834904     1.475332   -12.567149
  1.    30.058413     3.421844   -13.104793
  1.    28.160761     2.991287   -12.642692
  1.    26.495884     3.963667   -13.174359
  1.    31.704947     3.157140   -12.000773
  1.    31.620325     2.408309   -13.853364
  1.    30.823977     3.227560   -15.494905
  1.    34.532562     3.341941   -16.209782
  1.    33.738914     4.480579   -17.649790
  1.    30.484600     5.977497   -18.510775
  1.    28.639654     6.617940   -18.942060
  1.    29.404179     8.273946   -19.762516
  1.    33.478161    -0.884875   -18.357712
  1.    34.620422    -0.494145   -14.714618
  1.    33.310097     0.993321   -14.449132
  1.    34.808777     2.317660   -14.457459
  1.    34.051262    -1.249926   -16.476677
  1.    32.093361    -1.050284   -16.120602
  1.    29.343592    -1.046081   -22.900587
  1.    29.224297    -1.725269   -21.023226
  1.    29.210428     0.155005   -20.341774
  1.    30.455084    -2.417812   -17.132137
  1.    28.721266    -3.411774   -17.055243
  1.    32.653507    -3.978781   -18.773602
  1.    30.434231    -3.156488   -20.324894
  1.    32.327866    -3.663265   -20.721525
  1.    32.413475    -2.424607   -17.537910
  1.    30.268337     0.687179   -23.275621
  1.    29.559355     2.024032   -21.967886
  1.    27.704264     2.755278   -21.813255
  1.    29.457140    -3.033069   -23.098032
  1.    28.578768    -2.243694   -25.997601
  1.    29.226877    -3.804898   -24.928675
  1.    28.206991    -0.377771   -25.381063
  1.    45.860825    -1.883260   -22.030165
  1.    45.199326    -0.035019   -22.412825
  1.    45.336296    -5.605100   -23.530994
  1.    44.536896    -7.049224   -22.401619
  1.    43.646881    -4.970892   -22.668633
  1.    43.386871    -3.287854   -23.717333
  1.    47.147614    -2.613956   -23.375616
  1.    47.012283    -4.593211   -23.122179
  1.    47.099068     1.876937   -21.084906
  1.    45.277718     1.110823   -20.775478
  1.    47.642799     3.332306   -22.344376
  1.    47.296211     1.647870   -19.107872
  1.    48.386902    -0.012366   -18.875486
  1.    43.645576     4.445601   -20.061789
  1.    44.852196     2.858673   -19.901438
  1.    43.287369     1.105298   -16.325636
  1.    43.500404     2.101268   -18.046875
  1.    42.887108     3.992075   -18.267616
  1.    41.217583     3.583760   -17.244896
  1.    38.631721     0.763535   -13.402286
  1.    39.774475    -0.870969   -13.552310
  1.    37.141754     1.357927   -14.596728
  1.    36.800659     2.421608   -12.937741
  1.    40.840614     0.292429   -12.323545
  1.    35.278503     1.124375   -12.922715
  1.    35.341339     2.629723   -11.586045
  1.    41.817368     0.757574   -15.014842
  1.    41.502922     2.276725   -13.752580
  1.    41.859169     1.936542   -11.814189
  1.    43.774239     2.139410   -12.353946
  1.    39.039246    -2.037853   -20.100042
  1.    38.731529    -1.192853   -18.313625
  1.    37.336067    -0.162362   -15.881629
  1.    37.687347    -1.919320   -16.770277
  1.    36.405312    -3.098806   -17.752724
  1.    40.595795    -0.805297   -19.859295
  1.    13.578860     4.286880    -1.624866
  1.    13.020034     2.748784    -0.475093
  1.    12.440849     5.722118    -2.427999
  1.    13.817040     4.027666    -3.593641
  1.    14.401371     2.358794    -4.528214
  1.     9.562706     0.490657    -0.143034
  1.    10.869749     1.359374    -1.382776
  1.    11.387945     3.287649    -1.497785
  1.    15.765799     4.167930    -3.125021
  1.    14.931866     5.499228    -4.362843
  1.    16.719866     4.456501    -4.858943
  1.    16.962902     3.494049    -6.595208
  1.    -3.495276     0.830780    10.778701
  1.    -4.708773     1.788463     9.509734
  1.    -3.590856    -1.788067    13.177493
  1.    -3.005610     0.119452    13.314824
  1.    -6.379385     0.505931    13.417933
  1.    -4.710054     0.439031    12.318458
  1.    -3.454371     0.629725     8.468675
  1.    -4.081178    -1.125420     7.743016
  1.    -7.238695     0.080027     7.656423
  1.    -5.299414     0.391457     7.279347
  1.    -8.215296    -2.276670    12.981263
  1.    -7.401064    -0.363786    14.901095
  1.    -6.814142    -2.210753    14.406894
  1.     3.607535   -10.035058     8.681451
  1.     3.793908   -11.994433     8.326329
  1.     2.573731    -8.672203     7.645171
  1.     4.238336    -7.608487     7.957582
  1.     0.896537    -9.057525     6.626079
  1.     0.559731    -1.559429     4.557277
  1.     2.030652    -2.835086     6.610797
  1.     0.297681    -3.194227     5.679226
  1.    -0.023015    -4.735975     6.912175
  1.    -1.069789    -1.551523     3.397711
  1.    -1.318725    -3.886688     8.177028
  1.    -2.637843    -2.389146     8.308518
  1.     0.032863    -4.387507    10.922484
  1.     1.034646    -3.218074    12.198749
  1.     2.027987    -6.759332    10.832850
  1.     1.642234    -7.907215     9.241136
  1.     0.758622    -6.117552     9.368953
  1.    -1.069877    -5.326168     9.543033
  1.    -0.951127    -3.510552     3.782580
  1.     0.318639    -4.750293     2.860223
  1.    -0.627938    -3.641872     1.490772
  1.     0.214995    -2.088576     0.554432
  1.     0.389205    -6.036499    -2.357877
  1.     0.761128    -4.872000    -0.774964
  1.     1.065377    -5.411554     1.126698
  1.     1.611203    -0.661671     0.675035
  1.     1.932206     1.183823     1.375829
  1.    -3.384023     6.943342     8.121932
  1.    -1.720109    13.163497     8.028022
  1.    -2.815051    12.494953     6.493695
  1.    -2.332189    10.612644     6.966723
  1.    -3.646081     9.506264     5.942224
  1.    -3.263486    14.143656     5.454133
  1.    -2.744708     8.708399     8.811753
  1.    -1.244906     9.030817     7.528541
  1.    -5.354540     8.741662     5.237558
  1.    -4.598093     7.175722     9.694200
  1.    -7.524878     6.906848     7.983520
  1.    -7.732073     7.090443     9.964269
  1.    -6.536730     8.098100     6.716838
  1.    -8.655252     8.556617     8.006316
  1.   -12.230730    11.266523    11.498401
  1.   -13.875090    12.387836    11.695241
  1.   -11.550768    12.833723    10.458436
  1.   -10.404791    11.451029     9.578162
  1.   -14.150095    14.259918    12.343068
  1.   -11.188631     2.712777    10.220027
  1.   -11.061060     2.819458     8.226953
  1.   -10.977770     1.324979     6.900451
  1.   -12.498877     3.676040    11.384236
  1.   -11.288809     4.283726    12.856122
  1.   -13.489378     1.946559    11.217473
  1.   -12.151529     0.528149    11.662765
  1.    -9.746862     8.521493    13.137538
  1.   -14.044950     3.954513    13.452569
  1.   -13.723337     5.739713    14.294961
  1.   -12.195021     6.056667    13.044448
  1.   -11.643152     7.944882    13.405122
  1.   -10.618193     7.256010    14.978305
  1.   -11.311293     6.681225    16.764145
  1.    -7.535212     8.490797    11.378572
  1.    -8.883715     9.923952    11.021346
  1.   -10.091055    10.852018    12.317883
  1.   -11.555960     9.500618    12.151292
  1.   -15.858744     3.442840    14.122155
  1.   -17.776201     3.149628    13.634942
  1.   -16.320616     1.545640    14.554948
  1.   -16.643446     0.967435    16.442131
  1.   -14.497927    13.905114    10.405768
  1.   -11.298113    -6.525143     5.304071
  1.   -10.067858    -5.963143     6.777377
  1.   -12.621347    -7.542402     4.202154
  1.   -12.014097    -6.432709     2.653013
  1.   -10.114305    -6.917038     3.048247
  1.   -11.752481    -6.000922     7.854695
  1.   -13.903540    -6.494429     2.000173
  1.   -12.181837    -5.210341    13.428376
  1.   -11.175856    -3.833059    12.383815
  1.   -14.133303    -5.267200    13.862586
  1.    -9.647142    -5.156185     9.525653
  1.   -10.827349    -3.808245    10.414569
  1.   -12.425867    -4.482759     9.419694
  1.   -13.435289    -6.188060     9.689900
  1.   -12.389280    -2.072517     7.311273
  1.   -13.217226    -3.852301     7.694507
  1.   -12.006811    -4.706847     6.351136
  1.    -5.434221    -9.844647    10.172801
  1.    -5.464437    -7.859552     9.930961
  1.    -6.455271    -6.423967     7.291780
  1.    -7.163904    -4.696475     8.008441
  1.    -4.977552    -7.561758     8.014127
  1.    -5.895849    -8.806498     6.746310
  1.    -7.774252    -4.568359     9.908721
  1.    -6.630472    -4.548316    11.549260
  1.    -0.482770    -8.448352    12.841838
  1.    -2.466075    -8.705910    12.829017
  1.     0.575196    -6.876128    12.202437
  1.    -2.234754    -9.709843    11.114781
  1.    -3.838054    -8.528318    10.931937
  1.    -3.679841    -9.592758     9.246133
  1.   -15.502905     1.230923     9.279000
  1.   -13.663031     0.601912     9.747172
  1.   -12.546392    -0.780944     8.830205
  1.   -30.998579     7.619205    14.967935
  1.   -31.207670     5.775329    14.222014
  1.   -29.960428     8.204938    16.573910
  1.   -32.853745     6.675719    13.529384
  1.   -25.467459     6.743992    14.475301
  1.   -29.751780     6.669448    17.838326
  1.   -28.542135     5.866412    16.462868
  1.   -27.943609     3.966416    16.284565
  1.   -26.357195     4.952814    14.469428
  1.   -26.083258     4.685586    16.432472
  1.   -26.851049     8.744929    21.440449
  1.   -25.334242    11.422290    20.764519
  1.   -27.789732    10.094261    20.301075
  1.   -26.749453    11.516114    19.354420
  1.   -29.694944     7.042766    19.802353
  1.   -28.612967     7.809058    21.299725
  1.   -29.179022     9.110346    22.709061
  1.   -26.003870    13.287789    21.031910
  1.   -28.049971    12.908157    18.745430
  1.   -27.461264    13.073156    16.841175
  1.   -28.022268     5.905962    21.470886
  1.   -31.301668    11.984435    24.288055
  1.   -30.969683    10.308412    25.327641
  1.   -29.187731    10.109456    24.441605
  1.   -29.441809     2.666518    16.540840
  1.   -29.080229    -0.736501    18.179310
  1.   -29.642164     1.150949    17.830379
  1.   -31.494509     0.524033    17.411087
  1.   -27.152090    -0.541617    18.673576
  1.   -32.626884     0.725612    19.047270
  1.   -27.732023    -0.756991    20.575493
  1.   -19.697256    -3.686283     5.291915
  1.   -18.029703    -4.723416     5.670901
  1.   -20.024454    -1.725712     5.513520
  1.   -16.483528    -1.060209     6.943164
  1.   -18.055923    -1.655048     5.859776
  1.   -17.902504    -4.993781     3.693348
  1.   -19.212755    -6.325898     4.406582
  1.   -22.678736     2.958433     6.190633
  1.   -24.391382     2.194953     5.494977
  1.   -21.349943     1.398657     6.694667
  1.   -20.815233     3.321814     6.819372
  1.   -25.159056     0.382687     5.139495
  1.   -23.403006     0.438092     4.183868
  1.   -23.662786    -2.867055     4.509720
  1.   -21.745935    -2.326006     4.691233
  1.   -22.048986    -0.816732     3.414422
  1.   -25.499910    -2.681228     5.278124
  1.   -18.214991    -8.272917     5.831871
  1.   -20.052885    -6.155294     6.213533
  1.   -20.100107    -7.916423     5.266858
  1.   -31.807390     4.179927     6.360073
  1.   -30.457293     5.637759     6.588027
  1.   -30.099737     5.616995     4.620358
  1.   -28.439474     4.008928     9.570930
  1.   -26.510378     3.491194     9.673619
  1.   -27.036081     1.587971     9.992011
  1.   -29.216890     4.759252     7.887885
  1.   -29.293055     6.161614    11.736921
  1.   -29.433149     5.730875     9.788887
  1.   -25.587618     4.174379     6.265493
  1.   -25.244036     4.055673     8.232183
  1.   -23.652166     4.456479     7.089684
  1.   -30.501562     7.624715     6.364311
  1.   -32.053696     8.883899     6.437451
  1.   -23.514734     1.519183    12.460340
  1.   -25.460882     1.060904    12.510257
  1.   -25.705606     0.268126    10.690474
  1.   -25.766203     0.208658    14.293637
  1.   -26.591413    -1.214503     9.681931
  1.   -27.690641    -1.013809    11.340672
  1.   -25.454172     2.112044    14.822572
  1.   -28.151674     2.933457    14.584645
  1.   -27.081358     1.977400    15.977618
  1.   -34.337791     3.555341     5.288498
  1.   -33.842796     3.038007     3.421055
  1.   -31.506815     1.766947     5.214612
  1.   -32.666954     1.432470     3.620185
  1.   -38.087761     3.856517     3.841656
  1.   -36.591721     5.056203     3.273661
  1.   -36.775063     5.236942     6.609798
  1.   -38.427986     4.671317     5.636187
  1.   -38.437881     5.991331     7.425865
  1.   -34.916145     5.374626     5.884917
  1.   -33.421906     6.100984     4.771521
  1.   -41.048820     2.579334    11.308074
  1.   -41.095428     4.337389    10.355670
  1.   -38.466911     3.681909     8.517052
  1.   -38.329903     1.721141     8.886661
  1.   -39.412407     5.088478     9.578931
  1.   -37.770905     3.128192     6.725687
  1.   -34.967468    10.052583     1.890010
  1.   -35.919212     9.202529     3.430006
  1.   -33.647980     6.636518     2.857858
  1.   -33.839592     8.622249     2.715867
  1.   -33.897141    11.023568     3.272607
  1.   -32.302635    10.420273     5.181436
  1.   -31.902624    10.875463     3.275449
  1.   -30.347166   -10.520691    -8.035866
  1.   -30.935846    -8.629057    -7.761670
  1.   -30.347139    -7.330137    -6.359450
  1.   -30.978628    -8.052746    -9.676359
  1.   -29.692530    -8.859426   -10.978362
  1.   -29.207018    -8.515922    -5.221884
  1.   -31.538603    -5.736317    -6.159077
  1.   -15.430788   -14.546096    -2.215928
  1.   -16.020876   -12.898908    -1.247127
  1.   -14.572142   -14.694403    -4.016130
  1.   -18.384207    -8.301751     3.839251
  1.   -16.522665    -7.993402     3.176243
  1.   -17.536535   -12.143655    -0.182996
  1.   -16.855127   -11.695385     1.643131
  1.   -16.357571    -8.925488     0.313968
  1.   -15.234529    -7.944873     1.647074
  1.   -17.816828   -10.251908     0.647399
  1.   -18.880465   -10.900543    -0.988313
  1.   -19.758322   -10.696586    -2.773746
  1.   -23.322634    -6.454704    -3.026009
  1.   -22.332014    -8.044664    -2.325500
  1.   -22.183367    -9.444359    -0.904672
  1.   -24.098711    -8.868826    -0.890136
  1.   -22.785326    -4.539914    -2.814154
  1.   -22.905748    -4.789402    -4.794873
  1.   -21.498457    -5.370619    -1.528111
  1.   -18.843456   -10.342116    -4.554500
  1.   -20.498877    -9.393548    -5.154346
  1.   -21.170580    -9.370465    -3.270658
  1.   -17.075617   -10.870393    -3.782713
  1.   -27.845098    -9.559733    -1.575921
  1.   -26.265066    -9.783101    -0.370264
  1.   -25.271067    -8.383418     0.655815
  1.   -27.265909    -7.695760    -1.139863
  1.   -27.807554    -8.517299    -3.793076
  1.   -27.488100    -6.759894    -2.893368
  1.   -21.652243    -6.234120   -15.285593
  1.   -20.000622    -6.968137   -14.429222
  1.   -19.160259    -6.967033   -12.614334
  1.   -19.475948    -5.025204   -12.974382
  1.   -17.616751    -8.182931   -12.241261
  1.   -17.825739    -7.037836   -10.614879
  1.   -19.172356    -3.057275   -13.161726
  1.   -15.566868    -7.633021   -11.006346
  1.   -14.298054    -7.053033   -12.439426
  1.   -14.264658    -8.921655   -10.204056
  1.   -12.419950    -9.234362   -10.910629
  1.   -16.481037    -5.971620   -11.641991
  1.   -14.961065    -4.723009   -11.280508
  1.   -18.899261    -5.929227    -9.342663
  1.   -19.741796    -4.187838    -8.835014
  1.   -19.860094    -3.339110    -7.027903
  1.   -21.096548    -4.059404    -5.235222
  1.   -19.339695    -4.830026    -5.800560
  1.   -31.636938    -5.060486    -8.038858
  1.   -30.983545    -3.181799    -7.830011
  1.   -30.811106    -3.018917    -9.815893
