  1.    -7.838106    -6.593654    10.732529
  1.    -6.560370    -5.225697    11.436861
  1.    -6.167234    -4.748301    13.338843
  1.    -3.040430    -5.858255    11.273075
  1.    -1.618762    -7.015460    12.072912
  1.    -4.533236    -4.898657    12.195408
  1.    -4.090565    -4.697417    14.135393
  1.    -1.981239    -4.292224    10.620646
  1.    -2.571126    -2.556412     6.733999
  1.    -3.795284    -3.808772     7.699939
  1.    -3.456239    -4.834004     9.383371
  1.    -0.791876    -2.489698     7.644942
  1.    -2.809029    -1.055702     5.433510
  1.    -4.765696    -1.450082     3.427575
  1.    -3.097270    -2.402638     3.983448
  1.    -2.040913    -5.552227     4.866939
  1.    -1.735109    -3.575756     4.859981
  1.    -0.014825    -2.578805     5.076103
  1.    -7.753957    -2.775546     4.440375
  1.    -6.769950    -1.034383     4.449520
  1.    -6.908414    -3.953043     3.062493
  1.    -7.153679    -2.761155     1.475279
  1.    -5.466416     0.369122     3.874218
  1.    -7.654746    -3.458357    12.987625
  1.    -9.629534    -3.346191    13.283657
  1.    -9.108519    -2.724403     1.896291
  1.     4.757528    -3.072707     9.138446
  1.     8.077501    -1.793157     8.382096
  1.     7.248997    -1.688602    10.199415
  1.     5.343738    -2.000436    10.721668
  1.     7.500920     0.019981     7.765587
  1.     9.888559    -1.544040     9.193276
  1.    10.344448    -3.366690     8.507629
  1.     9.925451     1.297275     7.153872
  1.     8.200235     1.881437     7.979937
  1.     6.520496     3.073021     6.482863
  1.     8.278099     2.241654     6.014184
  1.    10.466751     1.818887     1.395595
  1.    11.107536     3.597783     2.047456
  1.    10.308029     3.265015     3.850246
  1.     8.669724     3.861249     4.830277
  1.     7.664815     2.288684     4.111115
  1.     6.297820     2.280359     2.651234
  1.     7.609823     5.071036     6.018984
  1.     5.699291     4.073952     1.999472
  1.     3.274089    -1.732208     9.188198
  1.     1.640721    -1.523554    10.323353
  1.     3.490919    -2.771573     7.493293
  1.     0.306604     1.524474    12.210663
  1.    -0.416844    -0.265894    12.731437
  1.    -2.234125    -1.025872    12.385139
  1.     1.178627     0.298089     9.639182
  1.    -0.090443     1.713885    10.259645
  1.     0.293900    -0.979631     8.380337
  1.     1.659014     0.188830     7.502178
  1.     0.288457     1.628837     7.283195
  1.    12.275286    -8.869366     6.786084
  1.    13.455601    -9.120817     8.380960
  1.    14.371260    -5.357760     6.714214
  1.    12.865885    -6.104339     5.629566
  1.    11.311468    -7.203198     6.242997
  1.    15.479160    -6.167569     5.259305
  1.    13.105225    -4.291813     7.837116
  1.    13.514946    -2.656064     6.761732
  1.    16.499788    -3.194435     7.051128
  1.    15.075924    -2.038535     7.848937
  1.     8.143579    -3.599117     9.238923
  1.     8.985584    -5.399592     9.016857
  1.     9.602337    -6.181854     6.432036
  1.     7.954074    -5.459246     7.304424
  1.    16.688274    -1.337828     6.318319
  1.    18.316799    -2.407599     6.769424
  1.    15.351013    -1.654059     4.865141
  1.    15.455257   -13.009136     5.493670
  1.    15.036625   -11.137892     6.062171
  1.    14.927816   -10.391663     7.914550
  1.    14.653587   -11.637899     1.501258
  1.    14.827915   -11.342605     3.471640
  1.    13.549057   -11.842212     4.925916
  1.    16.518776   -10.534086     2.773582
  1.    16.956135    -9.176593     1.371467
  1.    -7.583640     0.207313     1.435443
  1.    -6.535041    -0.285914    -0.194639
  1.    -8.506306     1.932543     1.850498
  1.    -7.752498    -1.872559    -0.213452
  1.     0.683815     5.841526   -13.731997
  1.     2.364831     6.571794   -14.532555
  1.    -0.935143     6.836099   -13.107660
  1.    -0.240096     8.386430   -12.052490
  1.     2.715331     8.514586   -14.212078
  1.     2.265841     9.714274   -15.747889
  1.     0.597764     9.757533   -16.850452
  1.    -0.861959     4.581321   -13.582113
  1.     3.766671    10.485225   -14.674040
  1.     0.451138    11.696729   -16.383528
  1.     4.825593     8.683308   -10.953072
  1.     3.973856     8.998588   -12.734964
  1.     4.809033     9.860904    -9.336597
  1.     2.861145    10.921988    -8.950058
  1.     3.365586     9.164182    -8.140335
  1.    -8.152309     6.314219   -18.461830
  1.    -8.068613     6.071741   -16.478348
  1.    -7.628260     4.137306   -16.731430
  1.    -7.133723     7.137725   -19.973225
  1.    -5.697920     6.083779   -19.063465
  1.    -7.141593     2.602152   -15.545488
  1.    -5.793627     4.068586   -15.365055
  1.    -5.372485     3.335202   -13.552656
  1.    -2.548449     3.506623   -13.609947
  1.    -3.870876     2.037923   -13.303188
  1.    -5.113893     0.690670   -12.503302
  1.    -8.082916     4.328313   -11.674124
  1.    -9.000891     4.043082    -9.920280
  1.    -7.914412     2.388751   -12.132061
  1.    -7.700769     3.442119   -13.818707
  1.   -10.990005     3.841846    -9.866222
  1.    -2.330112     4.053609   -15.521265
  1.    -5.795078     1.698904    -7.745578
  1.    -7.205554     1.056125    -6.481699
  1.    -9.193630     1.158751    -6.674088
  1.    -5.959857     3.628282    -7.245228
  1.    -7.214592     4.421538    -8.585520
  1.    -9.034458     5.194942    -8.285625
  1.    -7.531411    -1.541596    -6.575900
  1.    -8.378702    -0.245628    -7.841824
  1.    -5.588703    -1.821424    -6.191738
  1.    -7.640301     6.453624    -7.598565
  1.    -6.984199     5.913205    -5.788187
  1.    -6.181177     6.503224    -2.407679
  1.    -7.414315     6.738612    -3.964588
  1.    -8.642912     5.397700    -4.796757
  1.    -2.312465    -0.794054    -6.399621
  1.    -4.266744    -1.926085    -4.694583
  1.    -2.309525    -1.542771    -4.545053
  1.    -4.767551    -1.823099    -0.741558
  1.    -3.546927     0.863401    -1.749816
  1.    -2.530186    -0.100639    -3.177003
  1.    -4.571927     0.095972    -0.213448
  1.   -10.184765     1.008308    -1.720644
  1.    -8.438066     1.230287    -0.772081
  1.   -11.081718     2.263831    -2.993095
  1.   -12.447006     0.855162    -5.508346
  1.   -10.714176     1.032371    -4.525549
  1.    -9.145000     2.192756    -4.962811
  1.   -11.478113    -0.497844    -1.963043
  1.   -13.117777     0.549171    -1.499073
  1.   -13.607466     1.391227     0.247678
  1.   -15.649687    -0.441104    -0.606625
  1.   -14.867067     0.109108    -2.362976
  1.   -16.793510    -2.028767    -0.193111
